633
770
539
973
1215
213
946
1336
494
429
486
1034
1005
780
130
172
771
1216
421
950
861
1337
707
39
221
611
554
1197
1494
890
1357
904
1573
760
293
1281
1402
577
830
446
1261
939
1242
175
910
68
851
503
610
350
1125
791
546
444
1474
1413
323
318
551
623
1141
254
1244
865
4
178
970
858
671
1100
1164
1390
56
642
1020
212
1162
183
43
635
29
1225
479
1238
1449
12
61
1298
28
1425
669
1096
305
718
496
1163
133
813
1095
964
138
1436
1056
580
1129
1285
22
544
804
584
1234
1092
1203
560
849
894
1112
325
820
303
1009
755
1296
1484
1459
777
145
1012
1454
1223
1170
104
152
564
44
1142
1115
487
491
1155
473
156
364
1407
597
545
290
1158
1228
1422
1101
386
664
143
1087
188
643
550
1500
1275
1565
1542
681
1085
287
202
1554
1571
25
402
87
1476
1237
201
285
1430
767
613
42
1435
922
250
1195
899
240
725
476
142
722
7
97
161
64
67
1135
1572
674
1153
1478
255
1503
679
123
1065
746
1257
1463
447
1116
359
431
369
957
1519
1528
587
1039
578
713
880
978
1452
754
733
1369
1367
1098
1246
700
510
403
291
462
1560
776
562
835
196
826
135
971
1231
1398
1002
140
802
1591
493
1480
1538
508
14
193
525
1106
741
1288
257
1441
1205
824
214
650
409
1149
9
452
317
146
850
1341
1049
1220
408
863
552
401
575
810
618
1103
571
881
619
1027
699
765
1028
413
860
1212
728
166
62
457
657
758
3
807
355
321
884
26
458
1073
109
1405
1581
124
256
415
945
862
916
11
66
94
1508
785
827
1533
1110
1033
52
1058
370
931
720
761
162
134
1418
968
726
686
1549
615
2
1361
855
1139
374
930
1206
337
167
1093
377
932
591
1556
986
1421
1211
1273
1045
234
938
634
887
1059
1299
1531
475
173
1464
1437
292
929
507
341
148
125
1490
436
258
1254
1159
279
391
620
86
1504
595
594
1235
200
630
346
1423
204
617
920
47
278
426
709
1193
1236
50
512
763
1301
779
117
49
954
661
1496
883
1190
748
379
1090
1389
313
1259
1445
870
1
558
1545
60
566
1546
1529
529
185
1041
495
919
136
247
766
1457
129
465
537
1001
1122
856
302
443
1102
721
418
1183
246
394
339
1247
912
1487
397
734
192
1308
1121
570
1374
1540
102
992
1239
282
327
1262
1032
1145
477
273
237
395
792
501
739
454
921
1319
614
1416
1515
301
1465
354
466
757
796
366
490
480
1243
853
701
1280
651
428
164
581
841
101
1148
673
1332
985
1207
1062
1176
935
1221
478
636
115
404
1321
809
654
1506
1526
1468
837
1380
1492
1082
1455
1462
472
632
1021
1393
1097
1359
1375
181
170
1518
245
1019
859
1312
656
27
703
1182
54
1326
324
1003
227
719
191
248
1068
839
559
1366
506
688
322
1527
1017
1406
547
411
1349
434
93
1340
1282
405
1126
209
1063
468
1396
1403
1081
836
1372
1458
517
1256
563
182
1015
1364
626
604
867
207
1579
998
320
1466
1524
1035
1424
677
833
385
238
915
398
1184
1055
312
736
226
211
147
1371
1188
304
579
1417
1471
358
616
738
803
504
448
85
1420
942
753
1324
1328
530
979
81
975
1074
48
1433
425
1498
933
1335
1202
819
567
1541
1438
372
1230
533
1491
1053
459
877
840
297
1196
959
798
1011
1345
848
961
75
1157
1388
347
1507
295
1551
1200
219
1311
844
349
714
30
732
928
1251
206
24
1290
1042
424
1146
96
1250
276
90
177
1300
1553
600
1018
83
1219
1354
451
1072
889
331
645
878
1171
599
1191
742
1075
412
991
1577
526
1411
1590
895
1381
84
275
1428
740
368
876
1147
441
806
1109
1089
264
918
310
340
19
1208
655
483
583
977
1253
727
1050
233
731
1470
216
888
281
1409
271
527
1252
1523
1047
36
909
1555
706
823
1294
896
842
268
1179
1013
497
330
223
381
1284
128
652
489
16
516
690
392
829
982
976
906
675
1467
1209
1226
1105
406
334
1240
729
224
1199
365
1037
1302
1384
693
695
410
1138
1127
801
593
91
747
683
23
1006
1482
952
590
345
518
1567
1505
1317
51
624
556
450
1473
794
442
261
1346
13
194
913
1525
689
1295
197
717
72
540
1395
1552
1451
1007
455
797
314
1448
1497
229
159
1356
471
126
1218
103
891
1391
187
1229
249
361
113
815
190
1120
882
1287
32
484
943
704
189
1232
259
1108
1134
1293
356
242
974
596
1024
1186
396
502
990
1038
98
678
782
309
905
1192
383
670
127
1516
1245
119
5
637
629
1304
917
65
1348
1227
41
1511
235
1025
137
1054
665
289
1204
1305
284
144
601
1111
414
667
1343
1315
631
1385
1543
1067
299
1137
1151
316
589
1278
1140
934
375
871
892
1401
605
814
832
561
35
1537
908
1382
522
53
1303
45
1000
555
1187
1316
744
171
1189
363
582
993
99
1131
612
1562
869
260
120
1578
1185
1360
1520
116
569
1094
236
868
80
1499
1534
663
866
658
481
762
1269
387
911
606
1043
1564
708
1213
10
962
1558
1460
1370
1079
907
846
269
621
1177
1210
1057
422
139
1178
811
1289
716
1495
509
439
231
1544
31
376
1061
1559
1008
155
1255
687
523
627
799
751
6
778
696
1265
852
1575
937
253
574
1172
576
463
1440
1351
790
1014
453
1029
1166
592
456
158
1355
838
723
208
438
808
843
1404
951
1373
252
1383
1004
437
1453
488
1136
112
694
467
121
1358
958
1477
1161
328
1329
972
1322
944
1260
388
1277
174
423
17
1399
1297
1133
131
724
79
542
228
965
1292
74
660
362
535
338
218
419
983
1580
1350
953
1084
243
666
649
230
384
82
1267
781
1489
344
988
1539
1400
263
1030
1036
1150
464
1342
680
1271
176
88
326
1086
18
300
1201
893
265
308
969
705
1568
382
1548
1368
205
531
1174
845
662
371
697
1119
1169
1286
37
925
897
857
1446
1318
1493
514
557
676
70
772
420
1501
440
195
1080
1152
1432
1274
1258
427
1522
108
816
1333
232
160
1442
1088
288
834
168
1569
543
157
1502
1263
532
1550
482
984
69
1031
118
184
55
1535
1410
926
1483
241
470
644
995
1589
752
307
1387
272
902
831
203
222
989
1583
266
622
1283
169
1016
1379
1264
1475
528
180
987
784
1547
244
737
847
71
1574
520
110
553
1557
1587
1408
668
967
280
1107
598
332
73
217
1325
874
1412
1307
698
1479
997
1266
783
21
1154
1091
1310
1327
568
407
1078
1331
141
165
711
981
57
449
948
132
1481
1279
1563
750
1175
367
76
433
1114
149
1117
1584
549
825
602
77
955
1180
360
1069
78
534
715
1431
536
956
389
1276
1362
373
294
34
515
940
151
1249
210
1469
735
1586
1447
1222
1070
1536
1040
270
1353
565
513
1347
1513
1323
521
335
1181
749
821
105
40
1076
100
1198
898
1224
1426
469
179
262
1472
1439
1352
923
38
572
936
267
277
949
122
485
298
712
352
914
296
800
274
672
430
1167
329
1306
1561
106
89
1123
1434
163
1532
306
1512
682
390
875
1530
1566
1156
927
474
1486
900
524
380
154
1217
8
585
1429
1510
980
775
20
805
966
999
1576
225
773
1168
1334
1450
63
1488
947
1365
59
768
963
1485
1444
586
186
786
607
828
608
1241
759
343
1585
573
996
1144
1339
417
641
1313
1592
1593
1594
1595
1596
1597
1598
1599
1600
1601
1602
1603
1604
1605
1606
1607
1608
1609
1610
1611
1612
1613
1614
1615
1616
1617
1618
1619
1620
1621
1622
1623
1624
1625
1626
1627
1628
1629
1630
1631
1632
1633
1634
1635
1636
1637
1638
1639
1640
1641
1642
1643
1644
1645
1646
1647
1653
1654
1655
1656
1657
1658
1659
1660
1661
1662
1663
1664
1665
1666
1667
1668
1669
1670
1671
1672
1673
1674
1675
1676
1677
1678
1679
1680
1681
1682
1683
1684
1685
1686
1687
1688
1689
1690
1691
1692
1693
1694
1695
1696
1697
1698
1699
1700
1701
1702
1703
1704
1705
1706
